-7.843120387401911309e+00
-2.953492034604462191e+00
5.559901792799007758e+00
5.078483884302560369e+00
6.483979960158593236e+00
9.540792849443764823e+00
4.267261229016575896e+00
7.386981396476270945e-01
-5.314626073011345042e+00
-5.416605868001883373e+00
-4.190408209204961043e-01
-2.218421368476029443e+00
-5.070458209528183602e+00
-3.091723977931992273e+00
-1.286757036344052096e+01
-1.010975936372684991e+01
-1.576044751839599911e+00
-1.390486045062533016e+01
9.769951910177212540e-01
1.637200970305920045e+00
6.756437882193820244e+00
5.078792421284636927e-01
6.649386768218636057e+00
6.651646862546749972e+00
9.947339323007046374e+00
1.170299750046699749e+01
1.946880123248274863e+00
8.049099859673082946e+00
1.196324705615283079e+01
3.804305261169789176e+00
6.653699255176270810e+00
-4.436875151176396415e+00
-7.466518150978570745e+00
-4.686478557055577809e-01
4.689719094677821110e-01
7.755444851418057617e+00
-8.162864974498365456e+00
-5.777395421098976414e+00
4.467917494902482467e-01
-2.373979364916454671e+00
4.824767522562880551e-01
4.890722420287676897e+00
3.611793884717493963e+00
2.497572227070641304e-01
-7.106614549113102974e+00
-3.225318971639107524e+00
-2.916061268676211959e+00
-5.389145283563317790e+00
-2.923831653945899500e+00
-5.147092063335386491e+00
-1.022867038973825693e+01
-1.336248734258613524e+01
-1.043629870980111463e+01
-6.635137644033864746e+00
-8.305875276883396552e+00
-6.857486556473802786e+00
-6.670126853313099957e+00
-5.869016313278334174e+00
-7.190817107685520071e+00
-3.812541540963365172e+00
1.515495314374838642e+00
6.993332457960953263e+00
1.184420507958172664e+01
5.539568496083280280e+00
1.103801141650418316e+01
1.633787197712267059e+01
1.178295388893513973e+01
1.285484715181360826e+01
5.526426866850453479e+00
3.178233213946031199e-01
2.226449649637022077e+00
3.376681171297060580e+00
-6.270592595125645374e+00
1.412293396888154806e+00
5.554902101561316030e+00
5.687557831485529292e+00
1.110141426287671074e+01
1.139581779983855014e+01
1.340644359056374491e+01
5.239880014734650260e+00
7.885591518444689640e+00
1.068903761034054156e+00
4.576873441485549421e-01
2.802777084008210018e+00
-2.823872301128806939e+00
-3.507558003058099061e+00
1.340873716236400170e+00
2.749335275050190042e+00
2.484180515922254084e-01
-5.478951598494310460e-01
3.790218366623070878e+00
-2.546573315112542701e+00
-5.125298659573475746e+00
1.639426521430771722e+00
-7.697683934559314878e+00
-1.157596922204882262e+01
-1.046737806299872986e+01
-1.446292850213569814e+01
-1.786401535497496340e+01
-1.759796440727402000e+01
-8.938082590569766950e+00
-5.830190142657834862e+00
-4.133267468677099821e+00
-1.428895794749895387e+01
-1.164313571989998941e+01
-7.771479173686620001e+00
-7.673491069044757751e+00
-1.209403251267473323e+01
-1.433179180042532153e+01
-7.590550661109807251e+00
-2.694064930487963139e+00
-4.448268539575477298e+00
5.829428655858677644e+00
8.666685361574874236e+00
3.550673843453797218e+00
9.361503639077060512e+00
6.932065623937656795e+00
1.070069999243365544e+01
1.150289481816780324e+01
1.061127515751600292e+01
7.997736154511116524e+00
9.350637040097289798e+00
5.028540769694210155e+00
6.728881860550215421e-01
7.838731718917316904e+00
7.036632808542044870e+00
5.789438623335999345e+00
7.248640812906563369e+00
1.099028224930187747e+01
4.673259965949061012e+00
9.939574582829237670e+00
1.039728208727981773e+01
9.851930537623143636e+00
1.242657821459597756e+01
8.607011702823353261e+00
3.909317292026234902e+00
2.670048622276626205e-01
-5.528268040271684391e-01
-5.058397084910554398e+00
2.495079629827438694e+00
3.752759391637977338e+00
1.852700569820786569e-03
3.036116893657631266e+00
3.113836854370502394e+00
-3.649352590886443259e-01
-7.126441522521909100e-01
-7.980011906826149470e+00
-7.696430208374874127e+00
-1.143368812220004216e+01
-8.694547657735244073e+00
-2.034152273244771436e-03
-1.334436964621720456e+01
-4.754193260305950020e+00
1.414133420938278540e+00
-7.766707532354665489e+00
-8.493709810583139230e+00
-8.104624051802217011e+00
-6.194531908216602822e+00
-1.005495997947038589e+01
-1.649192141271986856e+01
-6.084946444086748230e+00
-1.464798011290541213e+00
-3.470493588161853715e-01
4.062107928354151021e+00
1.796348570813660617e+00
-7.701893732394851533e+00
-2.313622954887794236e+00
-6.177486682236979831e+00
-2.918064395694207391e+00
6.240956427465018663e-01
1.521031814051506670e+00
1.742034376193168921e+00
4.458889798056103082e+00
8.079907052027921921e+00
8.912223531467592608e+00
7.785691828594790032e+00
5.249808435487092417e+00
3.893894103295752362e+00
3.774392640723948311e+00
2.755736086984580613e+00
4.994666281894689419e+00
-7.859570118046699250e-02
4.364228169908462185e+00
7.196616795348811380e+00
-2.781341267265433181e+00
4.694151545879636345e+00
1.632783658742738897e+00
-4.766665755250418357e+00
-1.219206309838939006e+01
-1.452423374946184254e+01
-1.335046389827689950e+01
-1.030503599750488419e+01
-1.053784402518668095e+01
-4.401012638702584745e+00
2.023680725024300298e+00
2.847111080583372367e+00
-3.153077881499489532e+00
-1.775156333758075355e+00
-1.934032775776086677e+00
1.387793042393431042e+00
2.674352927972046157e+00
7.061358247799272014e-01
1.211655838772534466e+01
1.497536868969157453e+01
1.322567626102083693e+01
1.012624902519682557e+01
7.434388917706185040e+00
4.521497335030886688e+00
1.111829493206732522e+00
-1.611435727433940812e-02
7.945346774472133333e+00
6.652961265913606148e+00
1.407315885126396893e+01
1.004138323454456483e+01
-6.461121715770721252e-01
1.748578099378241824e+00
-1.903791307196941673e+00
-2.743896782455677474e+00
-7.331711826637653751e+00
-4.422385663148629131e-01
4.976402355120300713e-01
8.566581385797668702e+00
9.114620410537748185e+00
1.274127312147373381e+01
3.981074792238961990e+00
8.280750275570373020e+00
4.343745453238489596e+00
2.118002922873980509e-01
-5.904358774193566362e+00
-1.345698750179968783e+01
-1.011715372508319177e+01
-1.284341029294018099e+01
-1.326288504146967284e+01
-7.289989794530699285e+00
-9.003595163209194396e+00
-6.802178045545116625e+00
-7.760063274753202123e+00
-1.389194484867911683e+01
-1.846132013395691729e+01
-1.059634209893849111e+01
-7.680498164235265435e+00
-7.132320462204400968e+00
-1.038035033125448692e+01
-2.206628677982693354e+00
-3.202357210188235381e+00
-8.145555165739823966e-01
3.110667012886239036e+00
3.301225942245245459e+00
1.262940279318328152e+01
1.020079322797527510e+01
5.503783808992735338e+00
7.426227306749821011e+00
1.648697399654632356e+00
6.133723705139768612e+00
3.137302065950279051e+00
2.644369701662883543e+00
-7.131524260358555800e+00
-5.230490200341851192e+00
-2.324062236731675668e+00
-3.081312883647252754e+00
1.251932283289295622e+00
-4.210748079430342017e+00
-5.169321573280760695e+00
1.202428599191869729e+00
9.154112391280389005e-02
9.942616968984479442e+00
9.452273533681060158e+00
9.771529861381484494e+00
1.305083445239150386e+01
1.121461015220858037e+01
1.148877078373887528e+01
3.536460932676897428e+00
4.770399965244739526e+00
8.292773463965273706e+00
6.526705730080954559e+00
4.765900191326640112e+00
1.789935760331853309e+00
-1.232014616039594834e+00
-7.286825396331488847e+00
-7.384921042712894845e+00
-6.861763912947393074e+00
-1.219935787591995080e+01
-3.078508288753114996e+00
-9.909099840851981256e+00
-7.412864846600481172e+00
-1.474348731859443706e+00
-3.352062003346263364e-01
2.994983562537395727e+00
4.841463887308140812e+00
1.613677713106734135e+00
4.914968159219216481e+00
1.958411323793094905e+00
1.277709321796490105e+00
-7.319266841380565047e-01
-4.618387609471142241e+00
-1.590727988124638337e+00
-3.656150532251592811e+00
-4.352638836890486473e+00
-3.913294405954136135e+00
-6.047772799438963176e+00
-3.160804245133773893e+00
-4.318787962494651467e+00
-1.417348530949793073e+00
6.822900971856765473e+00
-1.370885593742188924e+01
-8.081655346101436876e+00
-3.514931748083203189e+00
-2.897153701124834946e+00
4.422253857934459020e+00
8.247217662912497360e+00
1.595435972806284575e+01
1.354388586811931461e+01
8.742821514439778952e+00
4.232383353116189184e+00
5.352167265132393936e+00
1.014649144935684610e+01
5.535657119526627312e+00
-4.776421621215264146e+00
-2.134822157039681478e+00
-3.215002189115024223e+00
-3.334698223797888605e+00
-1.034055853890081522e+01
-6.997577315932427489e+00
-1.192884994557504896e+01
-7.612228526614958746e+00
-1.757999393626460360e+01
-4.604845485654148085e+00
4.286048304091645278e+00
4.716914504456321211e+00
3.009123652679312144e+00
9.548692151012474483e+00
1.029184007389147837e+01
1.368078944522163098e+01
1.565437786539188281e+01
1.696580888016283239e+01
1.366381631589549350e+01
1.181842795836706728e+01
7.730882874953238115e+00
7.807558656283752896e-02
-5.024065183473506835e+00
-7.551402160268542829e+00
-9.283523197417117956e+00
-3.809153765777278267e+00
-4.395212688908939569e+00
-1.698590071930310685e+01
-1.394975909374740120e+01
-1.949317971402798122e+01
-1.606485135753035820e+01
-1.230705173399778296e+01
-9.983849069940594845e+00
-5.896726316118249045e+00
-1.985841430681720254e+00
4.385338567078556515e+00
9.118854393737388264e+00
7.469727398703717824e+00
1.250123252881171254e+01
1.239720571664505755e+01
6.177203690205015363e+00
-5.371235449991473843e-01
-3.163434247005925126e+00
-6.574615009186801640e-02
2.317874683270805480e+00
-1.465103265273172006e+01
-6.965480907309355985e-01
6.315894145008535965e-01
1.544733861145906939e+00
1.381645532789840702e+00
-2.803114899427976869e+00
-6.797345962624863347e-01
1.727042338382056563e-01
-4.403453755613376153e+00
-5.025323286189157024e+00
-2.445029429785833042e+00
4.332944621276517694e+00
4.610749055335382707e+00
4.488321283460841471e+00
4.397346532295490107e+00
6.866840914421707964e+00
5.548584408297640103e+00
-4.853425930806595900e+00
-5.871653862472219210e+00
-4.308678543864387755e+00
-1.998184445218866845e+00
1.333166252139665886e-01
-5.188868630778385338e+00
-6.766004466890910507e+00
-5.560387431143819725e+00
2.379651360103546054e+00
2.730195602672384148e+00
4.919468482126426068e+00
2.780622892668764834e+00
-6.542992890867758149e+00
-6.028274903395890227e+00
5.961141884397269664e-01
3.325307577505819623e+00
4.291545098848658313e+00
6.444581516315958325e+00
8.138789050234155553e+00
1.157888894535556545e+01
1.434963809418320579e+01
1.551427650936353864e+01
7.568719768994702335e+00
1.174096302700365335e+01
2.548067746971925729e+00
-2.026047452996526665e-01
1.960004889960800245e+00
8.695545849690322626e-02
3.538393299191828767e-01
-7.787772030498476106e+00
-7.287796965756857759e+00
1.705367204400616288e-01
3.260944787962157143e+00
-2.088354725019082592e-01
-2.569960832854363719e+00
-2.564523102355624307e+00
2.190121144292216382e+00
3.571586597202297764e+00
5.300752566226576867e+00
3.950271337927128812e+00
1.469484697727617473e+00
2.761550784781009238e+00
1.066985915950691366e+00
2.110228364256676592e-01
-1.291271612467825403e+00
-1.167885684793137102e+01
-1.041204019388638002e+01
-1.705435219624688870e+01
-1.857398430442275838e+01
-1.178643241330125235e+01
-1.202619673424322855e+01
-6.670586713008823665e+00
-3.315870454996631800e+00
-6.177460425834010671e+00
-5.540915703548897397e+00
-7.474652774516737708e+00
-9.062648516608945215e+00
-9.415680799703132209e+00
-1.838483349306715198e+00
7.273940012422663415e+00
-2.819531213132631109e-02
7.594970756404212153e+00
9.630749394848576728e+00
1.041297972710706432e+01
1.327246841383878362e+01
8.897745114160901636e+00
1.010151118695031869e+01
7.381871279078917603e+00
-1.626085905132746312e+00
3.056392559365304518e+00
-7.124211412559557921e-01
-2.115191575086254883e-01
-1.734798858681191547e+00
3.263171147198537181e+00
-4.934699077534846490e-01
-2.669543416281511483e+00
-5.833281579498785341e+00
-4.330470605376739002e+00
-1.035069871953903764e+01
-5.104274067301257212e+00
-1.070341868986831813e+00
4.896527994017616514e+00
1.078755424528583085e+01
1.028003238440307854e+01
1.141108421036264886e+01
1.176924700635339249e+01
1.046917419768085722e+01
4.842373762548874083e+00
-1.404623641897218000e+00
4.931350513458996332e+00
5.525651081878031334e+00
3.795710613875795225e+00
-6.780920014832098275e+00
-6.083304440828411153e+00
-1.123999588342034883e+01
-1.680060814624951604e+01
-1.328319349138842576e+01
-1.514517823728125734e+01
-1.148225481703997453e+01
-9.375540768146185755e+00
-8.819686105907740270e+00
-7.767712950214582079e+00
-7.088672670239828832e+00
-3.728137559588382111e+00
-7.589217526889040499e+00
-6.564299862428911503e+00
9.249402529687476004e-01
-5.598695125890153612e+00
-2.742589648718625206e+00
3.359011316630854616e+00
-2.191950227276727059e+00
1.558372061633091121e+01
1.706355944321282792e+01
1.747326812395556317e+01
1.644642890895971732e+01
1.943787193644509159e+01
2.171445576858392457e+01
1.783962972109635103e+01
1.749902366296682388e+01
1.353446029128319950e+01
7.089690502065864486e+00
5.985565039609322291e+00
1.855026705528571185e+00
-2.752076638916785001e-01
1.808231721449266471e+00
-4.627312734116995507e+00
-6.206742097093993493e+00
-1.168242095502590061e+01
-5.110017323095584985e+00
-4.830325308701377551e+00
3.404634738596356236e+00
2.887420559618419702e+00
1.424883500800111058e+00
-3.020503246911763640e+00
-8.121829125724888243e+00
-4.663458232552247118e+00
-7.908542599085894409e+00
-1.458160327650909238e+01
-1.151634726463320035e+01
-7.786587544610517497e+00
-3.113247716666986520e+00
-3.263337094511153946e+00
2.959582146559333715e+00
5.788243302970645487e+00
6.557979489415977525e+00
5.584813103195652495e+00
4.176332853567878090e+00
2.303598082421767224e+00
-1.300236034324277590e+00
4.874513428549084537e+00
1.797788662867105591e+00
-2.566012096713930823e+00
-3.996101094224688399e+00
-3.580990943254258596e+00
-5.385826723793975646e+00
-4.068895582301141900e+00
8.036663096520055838e-01
1.379817848703620786e+00
3.043012190601437794e+00
-1.527080231886925077e+01
-1.103342031247112409e+01
-1.145716060337645814e+01
-1.208940094965500300e+01
-1.310138360535945878e+01
-1.125202431051684293e+01
-1.204699092685014428e+01
-3.413825092462929867e+00
2.108819158952526251e-01
4.505189509849821583e+00
4.229045796914177480e+00
2.806516762522370811e+00
3.244818306153043785e+00
4.671637134662683266e+00
6.384387143692990207e+00
6.134196449155751019e+00
8.314078116211286229e+00
-1.986492546014225535e+00
4.273603890358426582e+00
5.209890022611693539e+00
-1.938447211406115755e+00
3.083165240093377335e-02
3.964797449500907511e+00
-9.202540628455960103e+00
-8.381678089061859183e-01
9.061442844290279464e-01
-3.319266556549607117e-01
2.777252638379083649e+00
7.743666071560642017e+00
1.096620113082090953e+01
1.431108976169668345e+01
1.787049209941313777e-01
1.069540286572233656e+00
-3.244265483701052943e+00
3.016798734990049358e+00
-7.742167148868575488e+00
-4.999343705268545435e+00
-6.269740016822514583e+00
-6.669223361860374233e+00
-4.247706204072702718e+00
-3.265471144306490103e+00
-3.341594119451434253e-01
-1.173035095955738072e+00
4.702290847800907336e+00
2.505118917091582187e+00
-2.483734276671578201e+00
1.749572104098979342e+00
6.135018136878581885e+00
7.191587389863809854e+00
9.197646199067861517e+00
3.670277411100599352e+00
1.293992899721733458e+01
1.103920171489829016e+01
1.268534357374917754e+01
9.344198353715983174e+00
1.131159900188689527e+01
9.903052402519206154e+00
6.263919088499180887e+00
-2.264643339088453722e+00
-1.544452208298742413e+00
-4.904683447890178627e+00
-1.130470269289607543e+01
-6.679300054826647681e+00
-5.974543126589083819e+00
-3.951340940133252211e+00
3.548270948700777971e-01
9.490620864324331052e+00
-7.817878247698266669e+00
-5.574833971023250179e+00
-4.915922233456929469e+00
-9.518549535703215270e+00
-3.137978709751913620e+00
3.495403056695468358e+00
1.956273900170788949e+00
7.175943484023098229e+00
1.170580303949606105e+00
2.753440524778724363e+00
2.762273979843140381e+00
-5.816758620107685296e+00
1.422208609821869363e+00
-3.999238246873762836e+00
-6.980147835085053210e+00
1.555688524702348197e+00
-1.069330110263928013e+01
-9.599896827106946251e-01
-1.812103251059461240e+00
-9.394177249550532682e-01
-9.682097084939457199e-01
-3.099118266546235123e+00
2.698319025859998277e+00
3.414240118088429199e+00
3.329509739450529526e+00
7.991945127008653671e+00
6.426707851710167674e+00
4.785949969266827253e+00
2.308711241621439925e+00
2.425862144655607899e+00
3.776518093674604781e+00
-5.026110083529033545e+00
-7.729138683107354524e+00
-5.900634555013285265e+00
-3.555658676234244808e+00
-4.120782169314051835e+00
-8.060913263270874651e+00
-6.693580741197157735e+00
-7.854277979995366366e+00
-8.551817381148147490e+00
-3.271660794963071162e+00
-4.673749534409639139e-01
-2.285212620336643408e+00
-4.637971530239429541e+00
-3.932848125604552436e+00
-2.005643200962757611e+00
-4.430692894786169234e+00
-2.983312001493729770e+00
-3.901885105675075849e-01
-7.827167522471851768e+00
-2.813422299058649489e+00
-7.353017639788761883e+00
-1.039755357213878639e+01
-7.689340186157184398e+00
-7.415613510068268965e+00
-9.341404769225412963e+00
-5.538206243669716144e+00
-3.473634724457852485e+00
-2.577801925553271367e+00
-6.102022772415825358e+00
-3.341021504527996733e-01
2.395527931177530157e+00
-1.610615683493512140e+00
2.529464835932007105e-01
7.556328637150771854e+00
1.165250294021143063e+01
1.362578868037140012e+01
7.565146395464848794e+00
1.214962870035328280e+01
9.179918737484568325e+00
1.076890383331139311e+01
1.081622801058935579e+01
1.569689544685522087e+01
1.623191091416160958e+01
1.521239094865614305e+01
1.074842775966135555e+01
4.305247521282710821e+00
5.044931495603623084e+00
1.539685044017375493e+00
-2.861437514650346792e-01
8.180254009266423765e+00
7.300640843577304473e+00
9.005397756649401231e+00
7.027691965420768128e+00
2.748127155745856420e-01
-8.801923430698033179e-02
-7.552916621381434048e+00
-9.353399355683180261e+00
-8.445928747261422842e+00
-7.289892014567190159e+00
-3.293609702873418144e+00
2.608335824542486137e+00
2.238984401491940890e+00
3.656777587291909271e+00
3.531178539841144381e+00
3.591922382415326354e+00
5.931530617225028834e+00
4.159971091873039484e+00
6.552382073050765143e+00
3.703593563129200739e+00
2.075311809069209090e+00
-1.165506599168286250e+00
-3.253875687530911609e+00
-1.978585713965131498e+00
-2.860345024458665897e+00
-1.154138985193050138e+00
-1.679035530754372285e+00
-4.493041261230826144e+00
-9.700426613091414296e+00
-4.920722706353790166e+00
-1.234981827283517219e+01
-6.786052613290484814e+00
-5.613391896210380594e+00
-5.667842559018122728e+00
-5.323002909993689968e+00
-3.826092504984599962e+00
-5.557351834503407417e+00
-1.362900472250851758e+00
-3.586163599848235961e+00
-9.204934446099111156e+00
-5.623879177226779547e+00
-6.599830111141652189e+00
-2.846795542267371193e+00
-2.814669120143097114e+00
-1.658273521653772065e+00
7.704350405976001515e-01
-2.345465680835474132e+00
-7.783147439960410807e+00
-9.633402870438706245e+00
-4.953625168831300662e+00
1.277954932566661039e+00
2.407183992132055028e+00
4.317188973143131214e+00
1.244130783859503708e+01
4.919636281593549043e+00
5.809305484389939878e+00
1.708478429014772315e+00
7.145446727087158223e+00
4.130646560357913444e+00
3.551322131625768375e+00
6.032825139607998821e+00
-9.885969024867649058e-01
1.370188900987959535e+00
-2.476977519388992022e-01
-9.430553879333254397e-01
-4.277069251871991717e+00
4.261576163256941108e+00
6.401508584569884697e+00
5.853220609414438336e+00
3.114349729853439719e+00
6.625615728196407872e-01
-7.194902287531460772e+00
-5.624432181492255545e+00
-2.265273077207019092e+00
2.775734685658166612e-01
-2.262888203767257633e-01
-3.208147464156807516e+00
-3.161632448441329846e+00
2.474529325759597054e+00
1.535784392918660313e+00
-7.777927572413154689e-01
2.040159674382759469e+00
1.590955896614950404e+00
-2.828469541757598460e+00
-3.410700355895805114e+00
-5.239418953614416452e-01
-1.867160971188549290e+00
2.141991875928511035e+00
-7.760917859582716627e-01
-3.503119870210495979e+00
5.301282525537252432e+00
3.428260804345325319e+00
2.023625002461636235e+00
1.727640182406645852e+00
1.211831324158172851e+00
5.556313898422872377e+00
3.613003242577717877e+00
5.963972973989150717e+00
2.235354512091900947e+00
1.172624545183775169e+01
8.781054979498556179e+00
5.999403945388515069e-02
-2.683443859187571334e+00
2.171830291581352768e+00
2.920503109263512087e+00
-6.518503002971733906e-01
-2.532241090357626234e+00
-1.557521603258184673e+00
-2.052061863704350397e+00
-8.241629979794694805e+00
-7.197181256894111812e+00
-1.214832393416670975e+01
-5.938110364604726854e+00
-1.333892120871583131e+01
-1.382670633551015626e+01
-1.003740867440756901e+01
-1.153947301489806065e+01
-9.673704328438473610e+00
-4.102143361196482374e+00
3.552257054388418211e+00
1.031824060405424959e+01
1.783280953597215657e+01
1.424705149861585163e+01
1.563914691905121224e+01
1.014570213153911027e+01
6.820922636708164788e+00
3.811092791323758888e+00
1.613858864619632350e+00
1.182685452817174188e+00
-7.922782415976479253e-01
-6.740470612535439443e+00
-1.597918221449621701e+00
-1.544891788290486900e+01
-6.139927814792042859e+00
-5.333406533296292551e+00
-3.824091373238351466e+00
-1.306449114829236358e+01
-3.754683745300565256e+00
-3.153693248988499676e+00
-8.004283838295645381e+00
2.375482260045736371e+00
2.400885505471676673e+00
1.011858999720699259e+01
1.285357753934985325e+01
1.304463610838339527e+01
1.002183595249703885e+01
3.653078068620570384e+00
-1.178753529597083904e+00
-5.228983223157882776e+00
-6.719763636605359913e+00
-8.367890840249381235e-01
6.027974709106195483e+00
2.706727152089807298e+00
-5.997195382207558545e-01
6.027453487180256531e+00
7.840926998629619504e+00
4.030336949877639796e+00
-5.819568556940681425e+00
-6.203191602785398828e+00
-5.171641668980583972e+00
-5.527089823810894309e+00
-9.226937722614554360e-01
9.250536842174771124e+00
9.031728836308277053e+00
1.027735587344759161e+01
1.325336040118042824e+01
1.374721338706882534e+01
1.052344333510360208e+01
1.316787582960422753e+00
-4.217511176355258407e+00
-7.101623453919382101e+00
-7.636553454839847710e+00
-8.084186937599556089e+00
-3.568164861187763659e+00
8.523016701082735125e-01
-3.449249826449416467e+00
-4.993073629113686351e+00
-2.113932507372711100e+00
-8.464966503115620711e+00
-1.108827303740257975e+01
-1.066947770383423943e+01
-8.651837817698057265e+00
-2.940456011591374264e+00
3.882277643415964263e+00
7.001980114651587428e+00
1.054199872523905235e+01
8.825519709664778389e+00
1.348669097421818819e+01
7.838235598934303994e+00
9.601125009493223672e+00
-9.853900339243915951e+00
-4.973612994429747580e+00
-7.266023774575567362e-01
-7.968866231780824538e-01
-4.403898708386289051e+00
-3.288397885021341338e+00
-1.336103170248081451e+00
-3.583258157797362120e-01
-2.077146215384297001e+00
-4.600907739720289769e+00
-6.985175871732467456e+00
-7.391398284910247973e+00
-5.976234551124145256e+00
-4.284835633106972352e+00
-2.266613018065452678e+00
3.659508952879039434e+00
3.595363579033894474e-01
6.897139724288470219e-01
4.316999385393438082e+00
3.286151200512531290e+00
7.834799977635824142e+00
4.597377379596538027e+00
2.904852493535505786e-01
-3.286193428229259084e+00
-9.951377828705796347e-01
-9.765899603016505282e+00
3.170055834941587491e-02
-8.235624789306628557e+00
-3.336672632995467236e+00
-6.803319515549811847e+00
-1.958503466728199971e+00
2.027495181945813130e-01
-1.150712154860290859e+01
-8.649749670536348134e+00
-5.875180946181131070e+00
4.113997229364658725e-01
9.412785517777609856e-01
-5.137822494623481617e+00
-1.353984506925947073e+00
-1.537937083724418841e+00
3.048334285512273922e+00
6.750330058488650309e+00
1.183275840403982215e+01
6.004166712409368500e+00
5.765754861692458100e-01
3.262967372731163884e+00
1.810385795717145863e+00
-6.562045530486944056e-01
-6.627984969355011913e+00
-6.550326362216717158e+00
4.896404240407576047e+00
-1.974579972451566690e+00
6.072442619375828521e-01
3.282962259060255850e-01
-2.747240368430240220e+00
-3.594152999744194332e+00
-1.548427911405418023e+00
-1.297871707703692756e+00
2.944496469778340675e+00
1.105816789296413916e+01
8.656776315236351493e+00
1.555896712639948021e+01
8.399187060711444275e+00
7.792691995998024979e+00
7.219303599498095636e+00
3.042929362371278756e+00
3.699174270244480311e+00
5.083401693006035948e+00
4.074666156160939856e+00
2.659333118360089898e-01
-5.113231711851014438e+00
8.483414674103130215e-01
4.932456463778405187e+00
1.485294946695902896e+00
-2.896462775063588069e+00
6.649050378687517693e-01
-6.160232058770433561e+00
-3.220340593658532313e+00
-1.248624314040469585e+00
4.329080093834400955e+00
4.235267165571468873e+00
6.474520178684431748e+00
8.737273919626623808e+00
8.173616780401605553e+00
8.961099693402191591e+00
2.603659560117293381e+00
-7.176722550115259835e-01
-2.238617530436324721e+00
-5.567188280767492614e+00
-1.953168971842669022e+00
2.444959730980316159e-01
-1.278715867770331016e+01
-1.003774549736973931e+01
-8.056587359051707864e+00
-1.011570920031350340e+01
-7.449078618081644620e+00
-8.126306145669431658e+00
-4.933003170679386429e+00
-3.509988447564175829e+00
-2.775145717999857986e+00
1.083376471897727011e+00
6.263598135814144818e+00
2.798619446357376361e+00
1.285359420446204215e+00
5.415579312533198575e+00
7.597909353672950061e+00
6.986870881746804152e+00
1.163435300301290809e+01
1.271748959664291689e-01
3.692623753525554609e+00
-1.866849169225140326e+00
-6.003141057517815682e+00
-7.319773301894770157e+00
-4.024450159731337351e+00
-1.792629710756106665e+00
-5.505003099708696723e+00
-4.587642486119142049e+00
-3.330094831606058570e-01
-2.974516459272161129e+00
-1.241913805329465603e+00
-2.508169499658804646e+00
-9.313033847686648770e+00
-5.526347693092652946e+00
-5.193301326189358136e+00
1.240358819412484603e+00
-1.574570557198444298e+00
6.206678386446653484e-01
5.423400288290821436e+00
1.135361720200189328e+00
-3.272943233520275275e+00
-1.372803277970799707e+00
-9.575327732402285630e-01
-1.311013648814591370e+00
-2.409849041867528019e+00
-2.669486593267525354e+00
-8.350261770448612619e-01
-3.249027721895333620e+00
-3.486771170869388925e+00
-1.901330474864437736e+00
-1.117096860529740887e+00
-2.214725273187228893e+00
-3.466337228862502062e+00
5.357450109158456542e+00
1.597839951216170284e+00
1.063553549689908628e+01
1.243337087833254451e+01
2.809308619457120848e+00
1.215709920703479163e+00
-1.272954689023279906e+00
1.623499617167456055e+00
1.834030372878217241e+00
8.703575140451482728e-01
3.098840395094260458e+00
2.805545136202057588e+00
8.101881744506953531e-01
2.444254926600799571e-01
-3.016931137322651946e+00
-4.969816826617501349e+00
-7.973399865054553004e+00
-4.343526860453715166e+00
-3.935430077654596737e+00
-8.247388147399082214e+00
-4.342106884469826511e+00
-2.086224278013208533e+00
3.284308817007654202e+00
3.565170538983625903e+00
4.079064929307774534e+00
7.341707837648631774e+00
1.444172351093656204e+01
4.084879791553285067e+00
6.465524185141420688e+00
7.639104113316115274e-01
3.129974065523288829e+00
1.299127632127183851e+00
1.652624455514031476e+00
2.424345373577263540e+00
-6.339657686973346529e+00
-6.418446898004563472e+00
-4.207364564469137314e+00
-4.185821410889301930e+00
-3.311272950183018260e+00
-1.553589195217573327e+00
-1.891661677420953591e+00
1.790057111136774459e+00
-7.893051309754461897e-01
5.555472346499191083e+00
1.082308935481753664e+01
1.570893994065045618e+01
4.879796791067742667e+00
1.423675980093235260e+01
1.267773881988306961e+01
1.232292744617562441e+01
1.109863122945807312e+01
1.218523768062718027e+01
5.083061200528760537e+00
5.450638098433284284e+00
1.973976484563770839e-01
-2.894202764230690228e+00
-4.979631603153858777e+00
-6.081228415755427719e+00
-5.293083109329542069e+00
-6.999622757145912644e+00
-8.840225447591254948e+00
-8.345413058453265975e+00
-9.420791426240597843e+00
-1.316658550901904690e+01
-8.128134036137755203e+00
-6.287607849747816502e+00
-5.626495630893946220e+00
-3.642195750843091773e+00
-2.839754591100934533e+00
-3.823640194855176588e+00
1.231731060709690517e+00
-5.804138772139002533e-01
1.280004664722645069e+00
3.512368777743679615e-01
1.737529175216478983e-02
3.047864895796603690e+00
-3.897507142583813255e+00
-1.106716149595318299e+01
-7.449849523278398777e+00
-4.840256547750309224e+00
-6.552384586186077442e+00
-7.028955401185084106e+00
-1.502209414711593283e+01
-3.429352752022548412e+00
-2.348861038445324567e+01
-1.353631519261595173e+01
-7.111709882021072460e+00
-6.051083026764725759e+00
6.393888926360871139e-01
5.606043069809801160e+00
1.196981547175374594e+01
1.337252318169682574e+01
1.386787150113926081e+01
1.534014977112284051e+01
1.211841830010949650e+01
6.933461591359498577e+00
1.269198010921590125e+00
-2.877937559348092034e+00
-7.852738710444076009e-01
2.950613602192123430e+00
2.911479010193211536e+00
6.046037416481668814e+00
-6.731159678051996664e-01
2.364618169876792741e+00
-5.499656703604246744e+00
-6.748080496218120672e+00
-3.023618705194496492e+00
5.185316386310567793e-02
-1.216968451326839951e+00
2.392133357752778355e+00
7.339031323686645791e+00
9.838772757532499469e+00
1.177549303532080671e+01
1.347599443092419946e+01
1.144600934683093030e+01
1.055372050800287553e+01
9.120817471300762591e+00
5.174007402718569182e+00
5.845174513511247838e+00
-1.778990788032867254e+00
-4.009786330001081645e+00
-4.043907425449228654e+00
-2.618282650495355579e+00
1.926965843207271156e-01
3.637998313628263869e+00
7.974239952372229601e-01
-4.524254470458532573e+00
-4.879438791281358156e+00
-7.077452605988034939e-01
-4.910051704677810491e+00
-3.466063698056476738e+00
-4.337139352899339606e-01
-2.073049696595606228e+00
-1.059467938771511797e+00
-5.319326348329749266e+00
-3.018040107390985938e+00
-1.189373052019538246e+00
2.815676242573221799e-01
-2.176935764331026313e+00
-3.748482091077092626e+00
-5.545592960243562963e+00
-4.755822585319758211e+00
-5.328904122546402888e+00
-5.456281938228534578e+00
-5.997332490854895504e+00
1.172937838460295978e+00
-1.272481411849362143e+00
2.926770899449976149e+00
3.073112181618721017e+00
-7.752861576151537371e-01
4.137227650928243516e-01
-3.450304888321815255e+00
-1.601927020629736909e+00
7.861211001947969734e-01
-1.274012953400688097e+00
5.564662528901765270e+00
-3.467939700047119267e+00
3.222532420220961313e+00
3.911891729776442173e+00
-2.970939409223713579e+00
1.227584143187530952e+00
2.543888757135633671e+00
-2.591140117710946988e+00
3.387857895853841672e+00
5.341627882628231738e+00
6.609767516708416224e+00
2.058925634310428965e+00
1.072185496421209194e+00
1.169331210740312166e+01
2.567549230983073638e+00
-2.407667981911796762e+00
2.323308178189136264e-01
2.298165266484211600e+00
2.326490009030284689e+00
-5.150225940494576271e+00
-2.233807532935239148e+00
1.591181185842486467e+00
-2.441062588161972524e+00
2.015571433356269537e+00
3.329944515382317949e+00
8.440989276516672746e+00
6.030825072624048211e+00
4.008052150226884436e+00
-5.110777832653445429e+00
-6.390558769342483458e+00
-9.495850905195279523e+00
-9.786244447087579346e+00
-9.484602554660050089e+00
-8.738468528491193155e+00
-1.114580106103626989e+01
-1.912232030250542003e+00
-1.355690519229968238e+01
-7.297663329129031595e+00
-6.043305940525804942e+00
-1.095680939993188474e+01
-8.216306714265646960e+00
-7.113076377073808132e+00
-3.491668134564400283e+00
1.725965775305693395e+00
5.498258519345853301e+00
6.232830351621449161e+00
8.383125837517500401e+00
9.009021216159979417e+00
8.249889275747271711e+00
-2.003384656941549213e+00
3.244647181150650539e+00
-6.296577713599540438e-01
-2.433122648964366252e+00
-1.579574583426190948e-01
1.766013603904744045e+00
4.036520990366035733e+00
3.137040952274616767e-01
2.161126499325742856e+00
4.954640102750431652e-01
1.645617060444442448e+00
1.126516389773058791e+00
-5.420485102015701884e-01
4.597808163739912857e+00
1.413809061548772306e+01
1.023261306733044762e+01
1.474905213795318559e+01
2.934004854982020127e+00
6.155461247215930243e+00
8.834722629424906160e+00
4.174182380130246450e+00
2.576102606311513554e+00
-9.902765453938031648e-01
-2.872713417542162695e+00
-4.150174932708839748e+00
-1.187254755919600058e+01
-1.059669507770611929e+01
-4.427925758094979791e+00
-3.708058048790906724e+00
-1.065593895001295532e+00
-7.437744010640619408e+00
1.018619479200249200e+00
-9.800214313594882043e+00
-5.074715738168610102e+00
-1.897879677357746431e+00
4.444433737193891787e+00
1.002431021702751046e+01
9.425501792652768884e+00
5.454314014100772212e+00
2.841777009689255173e+00
9.361319007941133918e+00
2.763320352554455628e+00
3.400525678909706695e+00
8.984436013148613398e+00
9.325862393305396125e+00
6.016552372015713246e-01
2.574349164589349925e+00
-8.343197558678832060e-01
-1.173416997500320580e+00
-7.377349579919827427e-01
-1.135121926401266856e-01
2.425914336403871996e+00
3.641685756793483275e+00
-2.242941684397872226e+00
7.447776231521372914e+00
-3.043659142999967315e+00
7.352394890370300473e+00
5.793625053342112530e+00
5.117644472227085295e+00
6.355073600046063476e+00
-2.392607510688992356e+00
-1.023114092155257282e+01
-1.823491158925985900e+00
-7.296465900029735607e+00
-4.604391668852432673e+00
-5.137526596674190316e+00
-8.199147761638473142e+00
-6.757973082526250508e+00
-1.205264901952892664e+01
-1.706773237507697161e+01
-1.335782959362567901e+01
-9.176257862338509597e+00
-7.681477484541931133e+00
-8.297996722274749715e+00
-1.219073016914557783e+01
-1.600793362046650259e+01
-1.460796038635168692e+01
-8.481663329219101044e+00
3.702603499891795824e+00
4.466604135097445472e+00
4.191187221180285860e+00
5.542863883883170750e+00
7.092969415890478579e+00
1.852084728756770549e+00
4.145153005243626509e+00
1.136685611331416101e+00
3.360428509149709253e+00
5.176474002519088735e+00
2.497557647021449334e+00
5.416770374188150328e+00
3.940321631268227431e+00
4.461720855344935899e+00
8.750482996456154794e-01
-8.309767213887351289e-01
1.723320313173376528e-01
-2.219928208972991257e+00
1.940166634424944858e+00
-2.917818352560165973e+00
-2.331312027459275349e+00
4.831094999604991891e+00
4.408989810928124697e+00
6.535463173618152766e+00
6.851203752477539766e+00
5.712688528428857992e+00
1.201749647368175467e+01
8.593907188215467841e+00
2.513799605935350900e+00
-1.796996911853483869e+00
-5.538272440382345785e-01
-3.962757201876875079e+00
3.388251649512505015e+00
2.397729542021264315e+00
3.195966351760278101e+00
1.203385160479936822e+00
-4.403315927551308739e+00
-6.612912724502088224e+00
-2.140405861424026668e+00
-9.756820554471774543e-01
-5.452967073498584227e+00
-7.911089619796552341e+00
-2.481688159253688575e+00
4.817889527784775971e+00
1.006604205099660909e+01
1.271308984495115979e+01
1.881708639166619434e+01
1.678276607742201065e+01
1.498770129714624488e+01
7.820136774359159659e+00
5.461621498783095774e+00
1.769514884706862468e+00
2.228699561481788827e+00
-5.642818223499255659e+00
-1.051814488095985922e+01
-1.090001640213092671e+01
-1.075283649339192849e+01
-1.098568559126010591e+01
-1.505239375778967670e+01
-1.124655069323021017e+01
-1.340148494345062780e+01
-1.298723200394453769e+01
-1.375698248360485643e+01
-7.803586320792357256e+00
-7.442144662798995114e-01
-3.023155373173914917e+00
4.155224025028389612e+00
7.102006584770661490e+00
8.329769878884583534e+00
1.569496503413976995e+01
5.112726905557852142e+00
7.737078641892628283e+00
2.627236839978219329e+00
1.797861412922568292e+00
-1.225081059076301848e+01
-4.178383672118634706e+00
-1.003235275400218285e+00
-6.869075018167276170e+00
-9.390347974977981238e+00
-8.769529638023438878e+00
-5.918540518951424190e+00
-5.322134121888192126e+00
-9.270295892127261794e+00
-8.655264829031121820e+00
-9.754452492157483334e+00
-4.867369054557968866e+00
8.524899546984396892e-01
6.630050648728228246e+00
1.003586532461026692e+01
1.511483560676795435e+01
1.592044673004147270e+01
6.809638932959789059e+00
1.763264771957071275e+01
1.151382607104231681e+01
9.211475553768700308e+00
7.778818407058532891e+00
9.712376667467557567e+00
-8.576934317930224871e-01
2.957629576463140175e+00
-4.315020036782412305e+00
-2.117294641189655824e+00
-7.099935140324530103e+00
-8.618708031889831034e+00
-4.326954705044634863e+00
-1.541539301072646140e+00
1.308755415414379897e-01
1.353610933841282282e+00
4.781950602846727350e+00
4.951628887025141701e+00
4.720003790475488792e+00
4.084496910960775828e+00
2.082970199788847232e+00
-1.230409584270016010e+00
3.194494084894476948e+00
4.541013183456913183e+00
5.153798156993332213e-01
1.786474581995335376e+00
-6.523125806107096025e+00
-2.539022735508023487e+00
-2.456136646510225230e+00
-6.454692489271706357e+00
-6.897960094102686845e+00
-3.480958232294479870e+00
-1.735181014870810223e-01
1.138447161525980578e+00
1.657006157243648081e+00
-2.834157144000384321e-01
-1.724232051102625896e+00
9.740670839209489840e-01
-3.107786756757703994e+00
1.586723763582281066e+00
2.510312471561004788e+00
1.816649603140835012e+00
4.362915110015306297e+00
6.493674493145102034e+00
-5.226972358026234389e+00
1.127238248365131312e+00
-1.789751564158648556e+00
-6.367354725854658781e+00
-1.170769866374526069e+00
-1.069065775992972611e+01
5.329197890766708134e-01
-9.393079166839282124e+00
-5.367079896868204081e+00
-3.634661286938364100e+00
-5.387582080795816353e-04
-4.827253479108048140e+00
-3.118084734065279529e-01
1.636256957503866571e-01
-6.258116496226221237e+00
-1.937243443424830014e+00
2.621789774421405816e-01
-7.270665055563240387e+00
-7.273462157221213253e-01
-4.350413886271716990e+00
-3.762380253470424485e+00
8.628488231404091380e+00
3.025726778400532169e+00
7.514547743382150813e+00
1.509275688550286043e+00
1.431587612280202571e+01
1.346352184804226937e+01
-9.171116317210044500e+00
1.168949307203055632e+01
-2.384831513263540614e+01
-1.185885683207137475e+01
-1.912244396447347938e+01
-7.301194891470618842e+00
4.988959230755110497e+00
2.163791640230638080e+00
4.307800250671263598e+00
1.492194126944541388e+01
-5.627485349383139379e+00
4.142935033828814895e+00
-6.569575717415838234e+00
6.289550482746003368e+00
3.877414203591697195e+00
1.323854253704362804e+01
1.319470306851221686e+00
9.578363132398401092e+00
3.051079687591307987e+00
6.698558310711290709e+00
9.143725647364219000e+00
4.458584216899139641e+00
2.968436716578439771e+00
5.485859316842419453e+00
6.219445218531774344e+00
-1.267584432625661783e+00
4.468583511639562467e+00
5.784860434176320787e+00
-5.104572346413283945e+00
-1.335807614941009724e+01
-5.760893644170728578e+00
-9.039415553508307610e-01
-2.181668436117869092e+00
-6.769745595727481025e+00
-1.054154151763103897e+01
-1.190400850922510756e+01
-2.178879487554001848e+00
-1.533395843893042176e+00
-3.319899527479629686e+00
